$ANSIBLE_VAULT;1.1;AES256
38643439353464633330623066396164643531396638653439323166323461353534666261656435
6664336135363134303766373839333538396465346261650a313961353866303862363066643764
39313465333661316363643937376433343262303532313036323238613836393931383830633365
3031666239383736390a366337616162613362316263663938313361613361633461383332386635
32313337376266646635343763353331326566336366653866323937373635623936636132613034
66343761363836343865613133623535306631353031323466333465323061333136616631373730
63643032623638353864353765373538346637643537333336643565343330623430643936336536
65343434396662656564656362353536376435386264626166356438383335326436363937633362
61643866386536363736633436666331646433376333613161383132633333646336343830633630
61623538373561646437326461373163323066353066323631376561636633396466326364343535
61336137633764313839323036636364313666346562613964393763383031363332306137343238
37633562393064646134373139643037336661623036356532306664633931646232643138626537
36336237636361663463653964663436363561666566363438346330633036333235656638353036
61386430383031656164623631623165306130666366616434386162613332613737376135656464
33623430623663623464323037366334333065663938626433616236376238333162636465343933
61343962353233663839393534386539343637363738376538643638336439333831346238643531
63626363653134326166396464336664636231333932356236633132663566666165373434643835
61613533373933656130386231323737376336653330383632323339663132366339336239626462
32626561653836306132656263343538353938363830666135333363386538356233343465346133
62666535383830653761356662633361376638316464316630323738633862613366616232323461
61633538303863363336326534373737393735653630386138333937636561333266
