$ANSIBLE_VAULT;1.1;AES256
62343636623239373436643932663966656530643264323461626432313737356232633737643362
6133313730646436643464613564633031373533316434310a323337623838623864663265356664
31336430623536643132333161333239353663633663656666393038343961613663626337343834
6537636630353866620a303731353163643936316164343462373763313765366365373732333963
33353334333936633163316630666565396632636637633933656661623365666533313139333364
66343064383336353333663562333936383465653533616431656631396333346534356334383164
38373430353865306434356663373462343766643235643435393638343639333663383933666638
62373338633461366634373865623139633734366561346630313333396430386261313237303263
62333963393330663864353135396663666531323039373932386164653562396431303635636465
31313039643739343361336364383239366232643033663432623437383733383462346134663831
30333931633866396338653762386635376337376236643831363863336430663062393633393363
39343934336633323066346534326266303632616631376332663134383136313337323635313565
62343562326632323363373639616363623730376364323439313565633835346531626161353930
61613538386130646430386566303631626266663638633562633030613132343934346231663335
64303964623262356163346638383732386439323037363464383535306530363231373764353831
31306337396565333737396539666630393933656331616661313633636362326332616561373434
38323836616466316364386531323163653666626434646335363732643634363234336630303065
30353831656433616633333261363834376562373362633932393865373036663237666664623536
35663633343030656634333364323233616438313532363936373465323162356362333132313761
64343037643935333532393036303539326366636231626532626438633238616235363765326234
34363766626430326361323634383935303334666365343565313734323238376462
